0: 215,25,28
1: 215,25,28
2: 215,25,28
3: 215,25,28
4: 215,25,28
5: 222,54,41
6: 222,54,41
7: 222,54,41
8: 222,54,41
9: 222,54,41
10: 230,84,55
11: 230,84,55
12: 230,84,55
13: 230,84,55
14: 230,84,55
15: 237,114,69
16: 237,114,69
17: 237,114,69
18: 237,114,69
19: 237,114,69
20: 245,144,83
21: 245,144,83
22: 245,144,83
23: 245,144,83
24: 245,144,83
25: 253,174,97
26: 253,174,97
27: 253,174,97
28: 253,174,97
29: 253,174,97
30: 253,190,116
31: 253,190,116
32: 253,190,116
33: 253,190,116
34: 253,190,116
35: 253,206,135
36: 253,206,135
37: 253,206,135
38: 253,206,135
39: 253,206,135
40: 254,222,154
41: 254,222,154
42: 254,222,154
43: 254,222,154
44: 254,222,154
45: 254,238,173
46: 254,238,173
47: 254,238,173
48: 254,238,173
49: 254,238,173
50: 255,255,192
51: 255,255,192
52: 255,255,192
53: 255,255,192
54: 255,255,192
55: 237,247,174
56: 237,247,174
57: 237,247,174
58: 237,247,174
59: 237,247,174
60: 219,239,157
61: 219,239,157
62: 219,239,157
63: 219,239,157
64: 219,239,157
65: 201,232,140
66: 201,232,140
67: 201,232,140
68: 201,232,140
69: 201,232,140
70: 183,224,123
71: 183,224,123
72: 183,224,123
73: 183,224,123
74: 183,224,123
75: 166,217,106
76: 166,217,106
77: 166,217,106
78: 166,217,106
79: 166,217,106
80: 138,203,97
81: 138,203,97
82: 138,203,97
83: 138,203,97
84: 138,203,97
85: 110,190,89
86: 110,190,89
87: 110,190,89
88: 110,190,89
89: 110,190,89
90: 82,176,81
91: 82,176,81
92: 82,176,81
93: 82,176,81
94: 82,176,81
95: 54,163,73
96: 54,163,73
97: 54,163,73
98: 54,163,73
99: 54,163,73
100: 26,150,65
